# corrected dev and myapps number - Devices: 40 - # Deployments: 150
"40"{{
    "alerts": {
        "APP_HEALTH": 0.12621083204617242,
        "DEVICE_REACHABILITY": 0.011848834883191174,
        "MYAPP_CPU_CONSUMING": 0.06802930510829144,
        "MYAPP_MEM_CONSUMING": 0.07939350895519307
    },
    "energy": 93.46804141077305,
    "energy_history": [
        0.0,
        0.0,
        0.0,
        0.0,
        0.0,
        0.0,
        0.0,
        5.04,
        0.0,
        3.5999999999999996,
        5.04,
        0.0,
        10.799999999999999,
        5.04,
        11.52,
        5.04,
        10.08,
        17.28,
        19.439999999999998,
        24.48,
        30.959999999999997,
        24.48,
        27.36,
        24.48,
        36.0,
        19.439999999999998,
        38.16,
        39.6,
        13.68,
        25.2,
        32.4,
        15.84,
        46.08,
        23.04,
        54.0,
        36.0,
        59.04,
        33.839999999999996,
        36.72,
        31.68,
        36.0,
        33.839999999999996,
        38.879999999999995,
        41.04,
        69.84,
        77.75999999999999,
        79.92,
        35.28,
        44.64,
        36.0,
        74.88,
        59.04,
        77.75999999999999,
        91.44,
        66.24,
        56.16,
        72.0,
        64.8,
        88.56,
        109.44,
        82.8,
        87.84,
        80.64,
        100.08,
        92.16,
        97.92,
        86.39999999999999,
        79.92,
        89.28,
        112.32,
        89.28,
        74.88,
        93.6,
        107.28,
        97.92,
        65.52,
        91.44,
        94.32,
        87.11999999999999,
        100.8,
        114.47999999999999,
        135.35999999999999,
        88.56,
        92.16,
        118.08,
        119.52,
        108.0,
        102.96,
        141.84,
        139.68,
        109.44,
        102.96,
        93.6,
        107.28,
        99.36,
        134.64,
        105.83999999999999,
        113.75999999999999,
        124.56,
        101.52,
        119.52,
        136.79999999999998,
        118.08,
        100.8,
        85.67999999999999,
        126.72,
        125.28,
        135.35999999999999,
        115.92,
        105.11999999999999,
        135.35999999999999,
        113.75999999999999,
        127.44,
        128.16,
        110.16,
        105.83999999999999,
        109.44,
        131.04,
        123.83999999999999,
        97.2,
        96.47999999999999,
        108.0,
        101.52,
        123.83999999999999,
        119.52,
        113.75999999999999,
        77.03999999999999,
        100.08,
        104.39999999999999,
        104.39999999999999,
        105.11999999999999,
        97.2,
        118.08,
        103.67999999999999,
        122.39999999999999,
        112.32,
        108.0,
        92.88,
        97.92,
        78.48,
        109.44,
        110.88,
        108.0,
        98.64,
        94.32,
        89.28,
        115.19999999999999,
        120.24,
        92.16,
        132.48,
        123.83999999999999,
        100.08,
        144.0,
        108.72,
        105.11999999999999,
        90.72,
        128.16,
        96.47999999999999,
        72.0,
        85.67999999999999,
        129.6,
        103.67999999999999,
        95.03999999999999,
        110.16,
        106.56,
        120.96,
        100.08,
        129.6,
        92.16,
        124.56,
        102.96,
        100.8,
        98.64,
        113.03999999999999,
        123.83999999999999,
        119.52,
        124.56,
        105.11999999999999,
        79.2,
        100.08,
        98.64,
        90.72,
        129.6,
        113.75999999999999,
        83.52,
        121.67999999999999,
        111.6,
        99.36,
        115.92,
        87.11999999999999,
        89.28,
        117.36,
        98.64,
        126.72,
        114.47999999999999,
        92.88,
        101.52,
        111.6,
        77.03999999999999,
        97.92,
        95.75999999999999,
        95.03999999999999,
        123.11999999999999,
        119.52,
        97.92,
        113.75999999999999,
        113.03999999999999,
        119.52,
        90.72,
        105.83999999999999,
        84.96,
        102.24,
        118.08,
        90.0,
        97.2,
        97.92,
        138.24,
        99.36,
        87.11999999999999,
        114.47999999999999,
        100.08,
        104.39999999999999,
        100.8,
        109.44,
        101.52,
        128.88,
        90.0,
        87.11999999999999,
        107.28,
        97.92,
        88.56,
        107.28,
        99.36,
        84.96,
        104.39999999999999,
        102.96,
        121.67999999999999,
        129.6,
        79.2,
        96.47999999999999,
        130.32,
        84.96,
        113.03999999999999,
        115.92,
        106.56,
        81.36,
        118.08,
        105.83999999999999,
        115.92,
        74.16,
        120.24,
        109.44,
        110.16,
        121.67999999999999,
        90.0,
        123.11999999999999,
        96.47999999999999,
        107.28,
        115.19999999999999,
        114.47999999999999,
        103.67999999999999,
        113.03999999999999,
        102.96,
        74.16,
        87.84,
        107.28,
        97.92,
        77.03999999999999,
        94.32,
        89.28,
        101.52,
        84.24,
        106.56,
        83.52,
        90.0,
        99.36,
        105.11999999999999,
        120.24,
        112.32,
        102.96,
        93.6,
        99.36,
        84.96,
        69.12,
        99.36,
        82.8,
        95.03999999999999,
        90.0,
        102.24,
        101.52,
        103.67999999999999,
        67.67999999999999,
        72.0,
        97.2,
        100.08,
        74.88,
        90.72,
        113.03999999999999,
        90.0,
        122.39999999999999,
        99.36,
        79.2,
        99.36,
        96.47999999999999,
        120.96,
        114.47999999999999,
        102.96,
        89.28,
        92.16,
        92.16,
        100.8,
        99.36,
        79.92,
        110.16,
        88.56,
        86.39999999999999,
        102.24,
        106.56,
        127.44,
        117.36,
        125.28,
        93.6,
        126.72,
        96.47999999999999,
        102.24,
        102.96,
        92.16,
        80.64,
        103.67999999999999,
        100.08,
        96.47999999999999,
        95.75999999999999,
        88.56,
        82.8,
        90.72,
        95.03999999999999,
        100.08,
        100.08,
        94.32,
        99.36,
        79.2,
        82.08,
        81.36,
        95.03999999999999,
        96.47999999999999,
        108.72,
        114.47999999999999,
        102.96,
        102.96,
        87.11999999999999,
        124.56,
        95.75999999999999,
        103.67999999999999,
        78.48,
        120.24,
        97.2,
        91.44,
        83.52,
        77.03999999999999,
        87.11999999999999,
        107.28,
        120.24,
        84.96,
        100.8,
        70.56,
        81.36,
        88.56,
        110.16,
        82.8,
        98.64,
        80.64,
        92.16,
        83.52,
        104.39999999999999,
        120.96,
        89.28,
        93.6,
        88.56,
        113.03999999999999,
        92.88,
        110.16,
        95.03999999999999,
        118.8,
        102.96,
        105.11999999999999,
        77.75999999999999,
        101.52,
        97.92,
        102.96,
        87.11999999999999,
        90.0,
        88.56,
        102.24,
        119.52,
        101.52,
        117.36,
        103.67999999999999,
        83.52,
        102.96,
        96.47999999999999,
        79.92,
        108.72,
        117.36,
        104.39999999999999,
        82.08,
        120.24
    ],
    "iteration_count": "3255",
    "uptime": 0.9827985289919048,
    "uptime_history": [
        1,
        1,
        1,
        1,
        1,
        1,
        0.16666666666666666,
        0.4119047619047619,
        0.5405964405964406,
        0.5968226218226218,
        0.6600155606347556,
        0.7381118884107173,
        0.726717974480347,
        0.7238402819558071,
        0.7503960161723852,
        0.7779277974375419,
        0.7986459699853835,
        0.7997101648480363,
        0.8175506716283715,
        0.8315366858606676,
        0.84302403621615,
        0.8527284207789012,
        0.8427595118322065,
        0.8561089715563163,
        0.8656530254870879,
        0.8733192250071893,
        0.8797998926762673,
        0.8854348073514737,
        0.8823063719523359,
        0.8779147566586819,
        0.8829193380976637,
        0.8880053404965701,
        0.889906155582207,
        0.8939216928544177,
        0.8967637292253369,
        0.8983899664471949,
        0.9024601715813483,
        0.906110696826443,
        0.9088933459415688,
        0.911730710353102,
        0.9145823853275932,
        0.9144974223572424,
        0.9122072356782684,
        0.9099700030285556,
        0.9144739039126629,
        0.9176371124633048,
        0.9193628649557947,
        0.9214762673061653,
        0.9213827519809779,
        0.9236568194056661,
        0.9256722357631522,
        0.926669822733176,
        0.9259844576462954,
        0.928904490374719,
        0.930916055720416,
        0.9306448709462997,
        0.932280722213999,
        0.9339038802115354,
        0.9354799238736,
        0.9368678348928856,
        0.9381900740050416,
        0.9390225312685332,
        0.9398752947437655,
        0.9409758966240014,
        0.9421443191437533,
        0.9432497765247968,
        0.9440115880527046,
        0.9440867928056146,
        0.9447039350689316,
        0.9450975801127343,
        0.9459302273464514,
        0.9502600275611793,
        0.9462985089790343,
        0.9463231248875289,
        0.946913843956672,
        0.9476360729809803,
        0.9485483278174384,
        0.9489814149088862,
        0.9498525662184082,
        0.950541183125467,
        0.9501508582779498,
        0.9498590556667305,
        0.9507778551046666,
        0.9620598163293632,
        0.9667328789368361,
        0.9695530297377399,
        0.9710342233400349,
        0.9708857657349164,
        0.9715413616647613,
        0.9723980768344319,
        0.973030517219089,
        0.9736854419304872,
        0.9743284758989352,
        0.9740830146109406,
        0.9745629362146107,
        0.9752618740903305,
        0.9755899106584417,
        0.9760226654985441,
        0.9765053403112446,
        0.9761581848377591,
        0.976225638789892,
        0.9764678570107608,
        0.9767392567742907,
        0.9771243803223768,
        0.9774072000124066,
        0.9777686324307714,
        0.9774274958598496,
        0.9778064264779848,
        0.9779884626650251,
        0.9775563832352657,
        0.977476647265969,
        0.9774991584819014,
        0.9776223204960727,
        0.9778683549668298,
        0.9780526633023341,
        0.9781317470631806,
        0.9783118355865285,
        0.9782881357096758,
        0.9785316611730696,
        0.978608734331513,
        0.9786478944159953,
        0.9787998847911407,
        0.9783235211995613,
        0.978004993435637,
        0.9781964477088798,
        0.9784036335746832,
        0.9783399908730737,
        0.9785634688201444,
        0.978588045043487,
        0.9783317684963493,
        0.9783920374146462,
        0.9783395469499444,
        0.9785216883198069,
        0.9784053154031437,
        0.9782737136220477,
        0.9783498542774504,
        0.9784870473816994,
        0.9786281477939841,
        0.9788254846142712,
        0.9789882699380181,
        0.9790727061373561,
        0.979227141736255,
        0.9793617222443852,
        0.9790052128057692,
        0.9787697736209623,
        0.9786913309960287,
        0.9787981876854387,
        0.9788349626120769,
        0.9788913195726938,
        0.9789846607025233,
        0.9789691554966189,
        0.979144187564425,
        0.9793059841976401,
        0.9793937510676453,
        0.9795098709614448,
        0.9795217859351694,
        0.979635865518645,
        0.9797793700168984,
        0.9799200670511954,
        0.9800437413482659,
        0.9802029538858712,
        0.9803283500335432,
        0.9803133821655143,
        0.9802378737540695,
        0.9803755490072721,
        0.9803303355895171,
        0.9804587844749885,
        0.9805776481145227,
        0.9807057998396512,
        0.9806890852427328,
        0.9807641473038647,
        0.9808442354227238,
        0.9809712196398552,
        0.9810816592613253,
        0.9811287577409115,
        0.9811194397497948,
        0.9810490639642179,
        0.981134696916913,
        0.9810145153825692,
        0.9807202841871276,
        0.9808371121149849,
        0.9808017660204584,
        0.9809140410859294,
        0.980801554619601,
        0.9807599218889628,
        0.9808242837957631,
        0.9808685801421927,
        0.9804601909185995,
        0.9802120723473199,
        0.980274148491548,
        0.9802879340214943,
        0.9803765277672488,
        0.980478248609131,
        0.9805836909701133,
        0.9806779966177656,
        0.9807485002558847,
        0.9806509190215221,
        0.980725898095306,
        0.9808210115698712,
        0.9809170493810334,
        0.9806450072031174,
        0.9806386801736671,
        0.9806919507625756,
        0.9807020475080873,
        0.9807679880013359,
        0.9807954120876906,
        0.9808119055010999,
        0.9808827916706544,
        0.980881672853205,
        0.9809370243273957,
        0.9809608639865326,
        0.9810509209303113,
        0.981081514347794,
        0.981117062811289,
        0.9812012346302718,
        0.981198436338558,
        0.9810786372243325,
        0.9811598494651778,
        0.9811775074891324,
        0.9811848429569291,
        0.981032410823347,
        0.9810580868652454,
        0.9810658684778465,
        0.981113707520962,
        0.9811739712182275,
        0.9812643331940467,
        0.9813125767196169,
        0.9813928238917987,
        0.9814386009050268,
        0.9814294453461208,
        0.9813549763927134,
        0.9813916119330387,
        0.981284096554355,
        0.9811670592870229,
        0.9811161884115158,
        0.9809699038515763,
        0.9809745527522084,
        0.9810148490742949,
        0.981060554577452,
        0.9810788855578765,
        0.9810396073957842,
        0.9811086413084846,
        0.9811750796914485,
        0.9811565316870847,
        0.9811125470336526,
        0.9811392171135769,
        0.9811629093453655,
        0.9811959425437364,
        0.9812150890036571,
        0.9811301925544255,
        0.9810478565333299,
        0.9811012117244483,
        0.9811656106724712,
        0.9812323421867671,
        0.9812975938769519,
        0.9813197000621409,
        0.9813730408911219,
        0.9814137720746501,
        0.9814116560497222,
        0.9813675213113636,
        0.981261534991649,
        0.9813138405195031,
        0.9813807446082086,
        0.9814038251771986,
        0.9814690180164553,
        0.98142305467571,
        0.981244740946635,
        0.9812317132483684,
        0.9811464419880319,
        0.9811660669068103,
        0.9812322614405279,
        0.9812815428156367,
        0.9813145619185794,
        0.981333987794506,
        0.981268665607449,
        0.9812319373075454,
        0.9811171227126765,
        0.9810502428758265,
        0.981112465320896,
        0.9811772676206315,
        0.9812330192044111,
        0.9812904480562161,
        0.9813453596517269,
        0.9813188001084476,
        0.9812283778734906,
        0.9812455355607085,
        0.9812504854370464,
        0.9812567875641486,
        0.98122833496966,
        0.981251237242858,
        0.9813056672706831,
        0.9812808358907258,
        0.9813265002492325,
        0.9813739652329362,
        0.9814226790713559,
        0.9814409754779041,
        0.9814952517382922,
        0.9815387208952348,
        0.9815643316147344,
        0.9815872920383585,
        0.9816251168828825,
        0.981665059501179,
        0.9817111501443736,
        0.9817618674441193,
        0.981768777692293,
        0.9817967664420466,
        0.9817503276763692,
        0.9817650431765981,
        0.981534728838483,
        0.9815857386348485,
        0.9816308456512544,
        0.9816862268803216,
        0.9817381345635493,
        0.9817680512368891,
        0.9817633403328053,
        0.9817054024320343,
        0.981758881678035,
        0.9817566651524614,
        0.9817728807151809,
        0.9817997308189149,
        0.9818424617497205,
        0.9818212797161201,
        0.9818461519522496,
        0.981849468797641,
        0.9818960906968842,
        0.9818465973538156,
        0.9818807933505521,
        0.9818575393294993,
        0.9818383842026013,
        0.9817863556955232,
        0.9818143357824931,
        0.9817890082639856,
        0.981759019673328,
        0.981807673772002,
        0.9818466548061328,
        0.9818926999992766,
        0.9819417792835884,
        0.981938572660835,
        0.9818580941787179,
        0.981871875320262,
        0.9818128453020645,
        0.9818233996519001,
        0.9818321442764746,
        0.9818809228670743,
        0.9819020002584894,
        0.9819465407498327,
        0.9819788567599642,
        0.9819761464621657,
        0.9819614453502112,
        0.9818852832466697,
        0.9819315142415701,
        0.9819514436357452,
        0.9819633204875582,
        0.9819467169016014,
        0.9819713958988749,
        0.9820165221251894,
        0.9820535605064639,
        0.9820894646642024,
        0.9821122711878325,
        0.9820999864953467,
        0.982108727113821,
        0.9821366227122063,
        0.982126874261157,
        0.9821571776598578,
        0.9821986976707446,
        0.9822377877610546,
        0.982263886412466,
        0.9822996172398863,
        0.9823321603733018,
        0.9823284293079945,
        0.9823668207720182,
        0.9823727082455378,
        0.9823850894845253,
        0.9823694640535505,
        0.9823318797579742,
        0.9823680307004783,
        0.982340348647392,
        0.9823787539238342,
        0.9824165778908235,
        0.9824430502077102,
        0.9824782084710638,
        0.9825204843371135,
        0.9824886143543357,
        0.9824883325640499,
        0.9824529347942632,
        0.982474691922958,
        0.9823904585995281,
        0.982431652303862,
        0.982468503595638,
        0.9824742179649254,
        0.9825149517556259,
        0.9825294575136293,
        0.9825640062718405,
        0.982581212874285,
        0.982569870097104,
        0.9825978714795481,
        0.9826174835324106,
        0.9826112380572792,
        0.982632450097425,
        0.9826513878831954,
        0.9826867481801614,
        0.982698834862716,
        0.9827134455245518,
        0.9827380949456693,
        0.9827611000854919,
        0.9827936595068585
    ]
}},

# corrected dev and myapps number - Devices: 45 - # Deployments: 150
"45"{{
    "alerts": {
        "APP_HEALTH": 0.11444983288074885,
        "DEVICE_REACHABILITY": 0.01182688338188062,
        "MYAPP_CPU_CONSUMING": 0.07006438615106857,
        "MYAPP_MEM_CONSUMING": 0.08308501306441816
    },
    "energy": 93.00084352959836,
    "energy_history": [
        0.0,
        0.0,
        0.0,
        0.0,
        0.0,
        0.0,
        0.0,
        0.0,
        5.04,
        5.76,
        5.04,
        11.52,
        3.5999999999999996,
        9.36,
        11.52,
        10.08,
        5.76,
        9.36,
        15.84,
        5.04,
        24.48,
        20.88,
        18.72,
        21.599999999999998,
        28.08,
        19.439999999999998,
        21.599999999999998,
        44.64,
        26.64,
        25.2,
        39.6,
        44.64,
        49.68,
        50.4,
        51.12,
        27.36,
        49.68,
        64.8,
        31.68,
        43.92,
        33.839999999999996,
        51.839999999999996,
        61.919999999999995,
        88.56,
        52.559999999999995,
        48.96,
        51.839999999999996,
        38.16,
        44.64,
        51.839999999999996,
        40.32,
        78.48,
        90.0,
        75.6,
        59.04,
        79.92,
        48.96,
        59.76,
        78.48,
        92.16,
        61.199999999999996,
        85.67999999999999,
        56.879999999999995,
        89.28,
        82.8,
        105.83999999999999,
        64.08,
        88.56,
        110.16,
        87.84,
        100.08,
        108.0,
        99.36,
        104.39999999999999,
        97.92,
        115.92,
        104.39999999999999,
        108.72,
        120.24,
        113.03999999999999,
        122.39999999999999,
        110.88,
        115.19999999999999,
        110.16,
        131.76,
        123.11999999999999,
        98.64,
        144.72,
        115.19999999999999,
        132.48,
        120.96,
        118.08,
        115.19999999999999,
        126.0,
        102.96,
        131.04,
        126.0,
        112.32,
        123.11999999999999,
        73.44,
        88.56,
        127.44,
        90.72,
        89.28,
        121.67999999999999,
        128.16,
        113.03999999999999,
        100.08,
        114.47999999999999,
        129.6,
        99.36,
        116.64,
        122.39999999999999,
        110.16,
        120.24,
        98.64,
        120.96,
        111.6,
        119.52,
        108.72,
        90.72,
        120.96,
        117.36,
        95.03999999999999,
        90.0,
        131.04,
        118.8,
        125.28,
        127.44,
        93.6,
        124.56,
        97.2,
        124.56,
        133.2,
        100.8,
        95.03999999999999,
        119.52,
        87.84,
        110.88,
        126.72,
        108.72,
        116.64,
        115.92,
        118.08,
        123.11999999999999,
        92.88,
        112.32,
        117.36,
        133.92,
        91.44,
        118.08,
        105.11999999999999,
        78.48,
        113.75999999999999,
        87.84,
        86.39999999999999,
        95.75999999999999,
        87.11999999999999,
        81.36,
        87.11999999999999,
        123.11999999999999,
        90.0,
        94.32,
        108.0,
        119.52,
        131.76,
        96.47999999999999,
        110.88,
        104.39999999999999,
        97.92,
        98.64,
        118.8,
        103.67999999999999,
        100.8,
        105.11999999999999,
        97.2,
        87.11999999999999,
        111.6,
        79.2,
        98.64,
        100.08,
        117.36,
        112.32,
        100.08,
        96.47999999999999,
        81.36,
        100.08,
        99.36,
        108.0,
        99.36,
        88.56,
        97.2,
        99.36,
        90.0,
        111.6,
        102.96,
        93.6,
        112.32,
        92.88,
        95.75999999999999,
        97.92,
        119.52,
        113.03999999999999,
        84.24,
        98.64,
        104.39999999999999,
        105.83999999999999,
        105.83999999999999,
        133.2,
        100.8,
        99.36,
        113.75999999999999,
        92.16,
        99.36,
        82.08,
        93.6,
        95.03999999999999,
        91.44,
        96.47999999999999,
        101.52,
        93.6,
        101.52,
        108.0,
        102.96,
        102.24,
        113.03999999999999,
        134.64,
        88.56,
        107.28,
        91.44,
        111.6,
        88.56,
        95.75999999999999,
        111.6,
        106.56,
        131.76,
        100.8,
        82.8,
        92.16,
        93.6,
        105.11999999999999,
        79.2,
        129.6,
        126.72,
        110.16,
        110.88,
        82.8,
        81.36,
        79.2,
        84.96,
        88.56,
        112.32,
        112.32,
        95.75999999999999,
        83.52,
        122.39999999999999,
        80.64,
        95.75999999999999,
        115.92,
        101.52,
        124.56,
        90.72,
        99.36,
        97.92,
        97.92,
        113.03999999999999,
        72.72,
        107.28,
        86.39999999999999,
        117.36,
        84.96,
        82.8,
        117.36,
        78.48,
        98.64,
        115.19999999999999,
        66.24,
        87.11999999999999,
        126.72,
        128.88,
        92.88,
        84.96,
        102.24,
        90.72,
        69.84,
        98.64,
        113.03999999999999,
        89.28,
        101.52,
        87.84,
        95.75999999999999,
        128.16,
        101.52,
        113.03999999999999,
        103.67999999999999,
        97.2,
        78.48,
        89.28,
        95.75999999999999,
        95.75999999999999,
        96.47999999999999,
        103.67999999999999,
        122.39999999999999,
        80.64,
        76.32,
        110.88,
        82.8,
        106.56,
        138.96,
        102.24,
        95.75999999999999,
        84.24,
        95.03999999999999,
        92.88,
        88.56,
        88.56,
        91.44,
        116.64,
        84.24,
        103.67999999999999,
        90.72,
        101.52,
        57.599999999999994,
        74.16,
        118.08,
        79.92,
        119.52,
        84.24,
        102.24,
        100.8,
        82.08,
        126.0,
        79.92,
        102.96,
        120.96,
        92.88,
        95.03999999999999,
        114.47999999999999,
        104.39999999999999,
        85.67999999999999,
        96.47999999999999,
        118.8,
        105.11999999999999,
        94.32,
        103.67999999999999,
        102.96,
        81.36,
        121.67999999999999,
        96.47999999999999,
        104.39999999999999,
        115.92,
        104.39999999999999,
        99.36,
        95.03999999999999,
        87.11999999999999,
        105.11999999999999,
        66.24,
        107.28,
        81.36,
        106.56,
        104.39999999999999,
        109.44,
        72.0,
        84.24,
        94.32,
        97.2,
        116.64,
        92.88,
        110.16,
        90.0,
        74.88,
        117.36,
        93.6,
        109.44,
        95.75999999999999,
        105.83999999999999,
        110.16,
        99.36,
        97.92,
        107.28,
        108.0,
        84.96,
        98.64,
        133.92
    ],
    "iteration_count": "3072",
    "uptime": 0.9827347235325891,
    "uptime_history": [
        1,
        1,
        1,
        1,
        1,
        1,
        0.0,
        0.35,
        0.5425213675213675,
        0.6382975412387176,
        0.6971378852159785,
        0.7375794056889391,
        0.7673659842865304,
        0.7903628974080148,
        0.808736292213629,
        0.8238034004209364,
        0.8364155296446164,
        0.8471495048870037,
        0.8564112367497283,
        0.8644953540399188,
        0.8716213171940778,
        0.8779562219907693,
        0.8836297148931015,
        0.8836147924374708,
        0.8899532464132331,
        0.8950251510900252,
        0.8857612233811631,
        0.8863003860314097,
        0.8909660556600894,
        0.8952752960586434,
        0.89790579690828,
        0.9015636656786004,
        0.9049112405069984,
        0.9121619586965419,
        0.9142464374210971,
        0.917023995828523,
        0.9196613811841726,
        0.9221173402793613,
        0.924401319131144,
        0.9216129028668913,
        0.9228525956117849,
        0.9250712452223275,
        0.9176116241419584,
        0.9211008773804772,
        0.9234710082802339,
        0.9257716521189632,
        0.9281334664569582,
        0.9247887062397618,
        0.9270129828057249,
        0.92793879454208,
        0.9296012153004446,
        0.9320440107136564,
        0.9341768916075022,
        0.9359719821713813,
        0.9368814869906603,
        0.9382504024192194,
        0.9397200236076798,
        0.9383087574689943,
        0.9375996482957437,
        0.940052456757512,
        0.9428288480343983,
        0.9422914625957788,
        0.9436541955567505,
        0.9430288044521784,
        0.944411962944219,
        0.9458504467385803,
        0.9431446691625514,
        0.9435348413429392,
        0.9451115627953963,
        0.9469843708128288,
        0.94701154721152,
        0.9484900382175417,
        0.9492186986419806,
        0.9487291199483946,
        0.9498469169699613,
        0.9499049729414243,
        0.9496834983607937,
        0.9508611672288705,
        0.9517561511155159,
        0.9525552069903173,
        0.9526010625778394,
        0.9523011110222286,
        0.9552175514310118,
        0.9604764354197596,
        0.964343933569983,
        0.9672857328430744,
        0.9693915032857978,
        0.9706501130378229,
        0.9719005464286476,
        0.9730139855874931,
        0.9740012200004469,
        0.9749213238441573,
        0.9757029006560407,
        0.9763179892035754,
        0.9769377903148447,
        0.9773197108829575,
        0.977510862025418,
        0.9775572494519477,
        0.9778477360105303,
        0.9780991574561881,
        0.9785508647418388,
        0.9790095640803429,
        0.9794030177439212,
        0.9795650887022093,
        0.979535904878021,
        0.9799076086795993,
        0.9802686582289376,
        0.9802418177400799,
        0.9803345230170871,
        0.9805371385205552,
        0.9807692452058511,
        0.9804994550568931,
        0.9806085781151411,
        0.9807215199045256,
        0.9807062702581061,
        0.9807297289385675,
        0.9809095576649516,
        0.9810069913555092,
        0.9811544955789693,
        0.9813859274288654,
        0.9814015817170122,
        0.9814346270814615,
        0.9816194738522092,
        0.9816236885336145,
        0.9816618151517046,
        0.9816030249463676,
        0.9817845945325687,
        0.9819089833824277,
        0.9820432481088863,
        0.982159917781987,
        0.982234068703011,
        0.9821997183371934,
        0.9822636954847291,
        0.9822855257992448,
        0.9822174195627172,
        0.9823605855842443,
        0.9824613521663395,
        0.9825552297179511,
        0.9826854241320481,
        0.9827847774282061,
        0.9828539200788691,
        0.9829269329350658,
        0.9828698512281516,
        0.982534580933239,
        0.9826538183853298,
        0.9827620777725657,
        0.9828914633489603,
        0.9829808793042334,
        0.9829694864556082,
        0.9830098763831099,
        0.9830917079060938,
        0.9831943646073062,
        0.9833027124601739,
        0.9833396455727285,
        0.9834044614858002,
        0.9833356870617812,
        0.9832378287828218,
        0.98312513332049,
        0.982911732398368,
        0.9830232184028002,
        0.9831092416032372,
        0.9831708575355997,
        0.983286232747902,
        0.9832437815008399,
        0.9830673284512831,
        0.9831536217000805,
        0.9830491701063551,
        0.9830123791057703,
        0.9827602445398802,
        0.9828630365596938,
        0.9829114651551307,
        0.9829181661574408,
        0.9830163038908057,
        0.983075547886702,
        0.9829752105484787,
        0.9829868069844871,
        0.9829808537813882,
        0.982938288913094,
        0.9830155332425862,
        0.9831016815794389,
        0.9831484220157527,
        0.9831761099344214,
        0.9830080849979259,
        0.9827199569038292,
        0.9826025339571686,
        0.9825577566673644,
        0.9825562693093324,
        0.9824143547536814,
        0.9824041965986968,
        0.9823169832446712,
        0.9823405720018284,
        0.9824398038458562,
        0.9825172343735304,
        0.9825927298283987,
        0.9824020157794926,
        0.982391265592694,
        0.9824506717098963,
        0.9825510433620072,
        0.9825506598555042,
        0.9826267418078269,
        0.9827186949572376,
        0.982719965180719,
        0.9828055431867255,
        0.9827998793163188,
        0.9827632572864841,
        0.9827869828726542,
        0.9828368291073664,
        0.9829086635818025,
        0.9829639115101688,
        0.9830130721207418,
        0.9830284604726427,
        0.9828001706693179,
        0.9825679019173262,
        0.9825139557002698,
        0.9825890818016586,
        0.9826681468756651,
        0.9827167012782981,
        0.982791450312181,
        0.9827388035164434,
        0.9827530588833399,
        0.9827707115712144,
        0.9827839827146524,
        0.9828124705498273,
        0.9826096444153778,
        0.9826488874644084,
        0.9827247796123246,
        0.9827942233572603,
        0.9828399630811769,
        0.9828848085377704,
        0.9828966719019625,
        0.9828966144056767,
        0.9829366694963202,
        0.9828418262111118,
        0.98282490762928,
        0.9827956379482117,
        0.9827512376709765,
        0.9828024133537523,
        0.9828517201583806,
        0.9827688801316089,
        0.982794510946333,
        0.9828025675731298,
        0.9827844684890137,
        0.9826126864851648,
        0.9825934038544617,
        0.9825316570881834,
        0.982542570640227,
        0.9825549371145581,
        0.982566501888716,
        0.9825341739477433,
        0.9825254407661199,
        0.982463626095639,
        0.9824835494246175,
        0.9824257832879167,
        0.9824901528911205,
        0.9824847281662267,
        0.9825293378928571,
        0.9825897173587604,
        0.9826455581418346,
        0.9823296924973431,
        0.9823676094040376,
        0.9823371576576089,
        0.9823558223942482,
        0.9823833172575793,
        0.9823957189061032,
        0.9824007570052633,
        0.9824502179210183,
        0.9824266794738543,
        0.9824852726176254,
        0.9824254280818597,
        0.9824517465929379,
        0.9824907374713838,
        0.9825109959757444,
        0.9825110857239766,
        0.9825354397600005,
        0.9825361344506314,
        0.9824624193059541,
        0.9824883229964784,
        0.9823820417675656,
        0.982391643576969,
        0.982412485105504,
        0.9824682350142566,
        0.982503720510745,
        0.9825119809236575,
        0.9825653104110408,
        0.9826073376354751,
        0.9826361044209881,
        0.9826890388706183,
        0.9826587934297667,
        0.9826878785226694,
        0.982606197503622,
        0.9826627640253307,
        0.9826680432685517,
        0.9826902886532803,
        0.9827233550523803,
        0.9827726340622281,
        0.9828252239843871,
        0.9828718649348034,
        0.9829079838529465,
        0.9829514833169738,
        0.9829597539196976,
        0.98293441122696,
        0.9828846532930159,
        0.9828255733155253,
        0.9827535107841976,
        0.9826247397029734,
        0.9826689663864664,
        0.9827148365732582,
        0.9826898116860809,
        0.9826151548044099,
        0.9826257491269637,
        0.9826101006827012,
        0.9826420498226907,
        0.982653487188094,
        0.982657860580599,
        0.9826803780352096,
        0.9827241209779921,
        0.982719655118338,
        0.9827723489932906,
        0.9827385302558068,
        0.9826630133605714,
        0.9826863214264207,
        0.9826945317030834,
        0.9827377925855545,
        0.9826793046879051,
        0.982662128458435,
        0.9827013400449987,
        0.9827046955773966,
        0.9827404399920366,
        0.9827665670653858,
        0.9828106312274582,
        0.9828558815146511,
        0.9828846962166284,
        0.9828612578783428,
        0.9828411458739712,
        0.982642360265584,
        0.9825553133469895,
        0.9825899940639718,
        0.9825593416659361,
        0.9825162058763779,
        0.9825422972355032,
        0.9825631119165888,
        0.9825699460238165,
        0.982608271757404,
        0.9826451086757373,
        0.9826720081046212,
        0.9826966451202721,
        0.9827040736400964,
        0.9827443775778625,
        0.9827454591957255,
        0.9827872711225148,
        0.9826866155746471,
        0.9826684415589951,
        0.9827112498899326,
        0.9827329204573733,
        0.9827332124930718,
        0.982697528133496,
        0.9826942109886062,
        0.9826908489779288,
        0.9826934416388223,
        0.9826977385499195,
        0.9827095111290559,
        0.982738501238166,
        0.9827310595788776,
        0.9827546521442436,
        0.9827987578869316,
        0.9828220193073178,
        0.9828628797002235,
        0.9828532204618737,
        0.9828787191449244,
        0.9828849224203793,
        0.9828818240666176,
        0.9828868769325716,
        0.9829240179338418,
        0.9829387260186053,
        0.9829069434440947,
        0.9829291514940248,
        0.9829468824201816,
        0.982846677065768,
        0.9828102068390397,
        0.9828354089473413,
        0.9827414223570249,
        0.982773458648251,
        0.9827284044509729,
        0.9827387036691074
    ]
}},

# corrected dev and myapps number - Devices: 40 - # Deployments: 150
"40"{{
    "alerts": {
        "APP_HEALTH": 0.12841221287846613,
        "DEVICE_REACHABILITY": 0.011199362549663368,
        "MYAPP_CPU_CONSUMING": 0.06913545385938713,
        "MYAPP_MEM_CONSUMING": 0.08150311201030877,
        "NO_ALERTS": 0.6491570864949714
    },
    "energy": 92.57489852216405,
    "energy_history": [
        0.0,
        0.0,
        0.0,
        0.0,
        0.0,
        0.0,
        0.0,
        0.0,
        0.0,
        11.52,
        0.0,
        8.64,
        3.5999999999999996,
        5.76,
        5.76,
        13.68,
        5.04,
        22.32,
        10.08,
        15.84,
        35.28,
        33.12,
        27.36,
        22.32,
        29.52,
        31.68,
        19.439999999999998,
        39.6,
        45.36,
        32.4,
        36.0,
        43.199999999999996,
        21.599999999999998,
        36.0,
        43.92,
        52.559999999999995,
        47.519999999999996,
        42.48,
        33.12,
        60.48,
        45.36,
        79.2,
        51.839999999999996,
        37.44,
        41.76,
        47.519999999999996,
        41.76,
        83.52,
        46.08,
        45.36,
        64.8,
        66.96,
        41.76,
        92.16,
        77.75999999999999,
        76.32,
        72.72,
        55.44,
        61.919999999999995,
        71.28,
        77.75999999999999,
        86.39999999999999,
        66.96,
        72.72,
        49.68,
        73.44,
        72.0,
        76.32,
        110.88,
        98.64,
        69.84,
        100.8,
        100.8,
        105.83999999999999,
        106.56,
        84.96,
        108.72,
        98.64,
        97.2,
        96.47999999999999,
        100.8,
        120.96,
        90.72,
        123.83999999999999,
        107.28,
        101.52,
        108.72,
        144.0,
        97.92,
        92.88,
        118.08,
        117.36,
        105.11999999999999,
        104.39999999999999,
        106.56,
        127.44,
        108.72,
        129.6,
        118.08,
        141.84,
        104.39999999999999,
        101.52,
        113.03999999999999,
        121.67999999999999,
        91.44,
        128.88,
        105.11999999999999,
        113.75999999999999,
        118.08,
        120.96,
        101.52,
        131.76,
        113.03999999999999,
        134.64,
        98.64,
        135.35999999999999,
        132.48,
        109.44,
        128.88,
        111.6,
        119.52,
        105.11999999999999,
        140.4,
        117.36,
        116.64,
        123.11999999999999,
        78.48,
        119.52,
        105.83999999999999,
        119.52,
        108.0,
        138.24,
        79.2,
        93.6,
        109.44,
        118.8,
        118.08,
        114.47999999999999,
        104.39999999999999,
        92.88,
        139.68,
        120.24,
        118.08,
        108.72,
        129.6,
        87.84,
        84.96,
        83.52,
        87.11999999999999,
        113.03999999999999,
        98.64,
        118.08,
        97.92,
        120.96,
        92.16,
        110.88,
        81.36,
        108.0,
        79.2,
        76.32,
        104.39999999999999,
        115.92,
        81.36,
        103.67999999999999,
        115.19999999999999,
        105.83999999999999,
        97.92,
        100.8,
        107.28,
        78.48,
        124.56,
        93.6,
        74.88,
        92.88,
        108.72,
        98.64,
        97.92,
        108.0,
        122.39999999999999,
        85.67999999999999,
        119.52,
        86.39999999999999,
        90.72,
        115.19999999999999,
        112.32,
        120.96,
        84.96,
        102.96,
        100.8,
        121.67999999999999,
        110.88,
        90.72,
        110.88,
        77.75999999999999,
        83.52,
        87.11999999999999,
        118.8,
        133.92,
        87.84,
        95.75999999999999,
        120.24,
        106.56,
        121.67999999999999,
        88.56,
        79.92,
        80.64,
        119.52,
        121.67999999999999,
        101.52,
        100.8,
        109.44,
        89.28,
        100.08,
        117.36,
        80.64,
        85.67999999999999,
        84.96,
        123.11999999999999,
        106.56,
        107.28,
        97.92,
        110.16,
        84.24,
        69.84,
        106.56,
        99.36,
        109.44,
        139.68,
        111.6,
        96.47999999999999,
        111.6,
        80.64,
        94.32,
        89.28,
        118.08,
        107.28,
        113.03999999999999,
        81.36,
        97.2,
        97.2,
        92.88,
        107.28,
        97.92,
        106.56,
        120.24,
        105.11999999999999,
        88.56,
        112.32,
        83.52,
        93.6,
        95.75999999999999,
        98.64,
        84.96,
        110.88,
        77.75999999999999,
        91.44,
        104.39999999999999,
        85.67999999999999,
        115.19999999999999,
        102.96,
        92.88,
        92.88,
        95.75999999999999,
        126.0,
        102.24,
        106.56,
        77.03999999999999,
        95.75999999999999,
        119.52,
        92.16,
        123.83999999999999,
        87.11999999999999,
        110.16,
        104.39999999999999,
        79.92,
        92.88,
        126.0,
        95.03999999999999,
        100.08,
        95.03999999999999,
        71.28,
        98.64,
        95.75999999999999,
        91.44,
        90.0,
        99.36,
        100.8,
        54.0,
        82.08,
        86.39999999999999,
        129.6,
        104.39999999999999,
        114.47999999999999,
        92.88,
        127.44,
        72.72,
        134.64,
        112.32,
        102.96,
        71.28,
        81.36,
        110.16,
        87.11999999999999,
        65.52,
        118.08,
        95.03999999999999,
        118.08,
        94.32,
        85.67999999999999,
        97.2,
        88.56,
        120.96,
        98.64,
        93.6,
        97.92,
        93.6,
        74.88,
        109.44,
        76.32,
        90.72,
        84.96,
        87.84,
        88.56,
        104.39999999999999,
        95.03999999999999,
        88.56,
        110.16,
        113.75999999999999,
        110.88,
        91.44,
        82.8,
        84.96,
        94.32,
        112.32,
        97.92,
        74.88,
        89.28,
        95.75999999999999,
        105.11999999999999,
        95.03999999999999,
        95.75999999999999,
        96.47999999999999,
        87.11999999999999,
        102.24,
        90.0,
        77.03999999999999,
        108.0,
        106.56,
        87.11999999999999,
        102.24,
        114.47999999999999,
        113.03999999999999,
        102.96,
        103.67999999999999,
        116.64,
        93.6,
        123.11999999999999,
        108.0,
        66.24,
        106.56,
        118.08,
        84.24,
        100.08,
        77.03999999999999,
        106.56,
        97.92,
        100.08,
        85.67999999999999,
        92.16,
        83.52,
        109.44,
        97.2,
        99.36,
        150.48,
        92.88,
        107.28,
        92.88,
        79.92,
        110.88,
        94.32,
        83.52,
        113.03999999999999,
        69.12,
        83.52,
        120.24,
        77.03999999999999,
        101.52,
        90.0,
        77.03999999999999,
        72.72,
        115.19999999999999
    ],
    "iteration_count": "3132",
    "uptime": 0.9833072026468184,
    "uptime_history": [
        1,
        1,
        1,
        1,
        1,
        1,
        1,
        0.0,
        0.33730158730158727,
        0.5096536796536796,
        0.6050368014898907,
        0.6559239221616298,
        0.7036324471549983,
        0.7380020382495971,
        0.7643246337485456,
        0.7592762987808008,
        0.7866124180497082,
        0.8231432953601496,
        0.8311849832312599,
        0.8430757487667647,
        0.8534223406223501,
        0.862315526697276,
        0.8560662286925295,
        0.862582411535684,
        0.8707356434388056,
        0.8780373640805699,
        0.8843092314443093,
        0.8898057899369991,
        0.8923904425441385,
        0.8931245360445333,
        0.8987660578559304,
        0.9012539462253426,
        0.9057388240611381,
        0.9090183231289207,
        0.9095535158348317,
        0.9137211283830594,
        0.9162668822315829,
        0.9190329898417491,
        0.9216449293271403,
        0.9175957135824475,
        0.9205786674556306,
        0.922901766524994,
        0.9253371153183845,
        0.9274539677702909,
        0.9292684554082984,
        0.9303834829333153,
        0.9317755768066587,
        0.932693999128016,
        0.9325677678042507,
        0.9343330106046581,
        0.9352463165825934,
        0.9344412792079616,
        0.9353963047256427,
        0.9360624789645479,
        0.9376373193780513,
        0.9390756117491698,
        0.9397394984750823,
        0.9374815549062729,
        0.9360457805434128,
        0.936819806420566,
        0.9381096265064294,
        0.9401886890537031,
        0.9413689803486375,
        0.9424409355012235,
        0.9438824185159682,
        0.9439427874634739,
        0.9453807938575213,
        0.9467113734985985,
        0.9479227093210576,
        0.9474423456385176,
        0.9476675293916508,
        0.9454233219755218,
        0.9459852270232636,
        0.9510924421418382,
        0.9513485050456137,
        0.9522509734265641,
        0.9530923515858806,
        0.953586956382658,
        0.9539635063106916,
        0.9542033076103242,
        0.954583555390332,
        0.9547640837414912,
        0.9519005537028978,
        0.95824752194881,
        0.9632369473253298,
        0.9657813041301627,
        0.9682866933584671,
        0.9700995683147969,
        0.971488616608807,
        0.972746432176001,
        0.9738613174016215,
        0.9748545564386658,
        0.9755261756599551,
        0.9760768142232981,
        0.9768056048378299,
        0.9772593077596828,
        0.9777296211621558,
        0.9782305510146404,
        0.9787424849965061,
        0.9790442372594758,
        0.9793487077953328,
        0.9794145303818277,
        0.9793951782723495,
        0.9791121487037009,
        0.9784503230335296,
        0.9787861257083186,
        0.9791301451834509,
        0.9794611896951043,
        0.979719325995607,
        0.979863546272459,
        0.9796888799295753,
        0.9799324410002235,
        0.9801288708743715,
        0.9803835586642039,
        0.9805307942874104,
        0.9807922616060701,
        0.9810144900982334,
        0.9810920920642845,
        0.9812618062431263,
        0.981202145591918,
        0.981391828881112,
        0.9812659136713474,
        0.9814343501747186,
        0.9815155263826828,
        0.9816733488673303,
        0.981665317457082,
        0.9816216209790368,
        0.9816499719505799,
        0.981614841694533,
        0.9816763223631684,
        0.9817185660807901,
        0.9818335367840478,
        0.9820174828478069,
        0.9820530591054816,
        0.9820854962735814,
        0.9818686843391317,
        0.9818810603073668,
        0.9819776578035134,
        0.9819651713918194,
        0.9820064557966294,
        0.9821722997811975,
        0.9821878478904436,
        0.9822757896671565,
        0.9823704927207211,
        0.9824903847807248,
        0.9824360909205827,
        0.982491039959869,
        0.9824659221993837,
        0.9824989641361968,
        0.9826305912276594,
        0.9826729354526552,
        0.9827593907544904,
        0.982823683432818,
        0.9829417804218464,
        0.9830465444726599,
        0.9831579472668021,
        0.9829398349286301,
        0.9828444199441708,
        0.9828063278912083,
        0.98289172128684,
        0.9829515393833573,
        0.9830287305551231,
        0.9831267403722255,
        0.9832347675254038,
        0.983345090820694,
        0.9834494652017668,
        0.9835252440278456,
        0.9836258297510047,
        0.9836716537836007,
        0.9836889767973063,
        0.9836978100100862,
        0.9836096666027228,
        0.9836813636006322,
        0.983781928457924,
        0.9838901230514668,
        0.9838644573084677,
        0.9838514967557296,
        0.9839114934074896,
        0.9838800344830283,
        0.9839191900453216,
        0.9839528769876148,
        0.9839756375923597,
        0.9840339852257991,
        0.9841316327929546,
        0.9836039223575795,
        0.9835833576032663,
        0.983553949559201,
        0.9834626355677949,
        0.9835378455232034,
        0.9836259846485575,
        0.9835804244736944,
        0.9835811076389219,
        0.9836701040868646,
        0.9835846063659962,
        0.9835231214798725,
        0.9834456287135276,
        0.9832707240100846,
        0.9832510710971644,
        0.9833114521664019,
        0.9833664657171084,
        0.9833509942406948,
        0.9834150863692832,
        0.9834272618447866,
        0.9834147433201303,
        0.9834400508693845,
        0.9835189370690661,
        0.9835547032124216,
        0.9836247833084701,
        0.9836679711398943,
        0.9837404643015835,
        0.9837932463781845,
        0.9838109698770555,
        0.9838637437625722,
        0.9838555304085101,
        0.9837255991073977,
        0.9837876687592088,
        0.983747314648106,
        0.9837732509719549,
        0.9836553947253869,
        0.9836544840396165,
        0.9834823161964614,
        0.9834013519771272,
        0.9834597412490912,
        0.9835380577788031,
        0.983592627979137,
        0.9835601460412637,
        0.9835851474589004,
        0.9836506042348471,
        0.9836791812994822,
        0.9836603198214758,
        0.9837205773576517,
        0.9837111131728176,
        0.9837794639367515,
        0.9837699408408292,
        0.9837589764502862,
        0.9838310253091023,
        0.9838948583182334,
        0.9839056268280433,
        0.9839749654029131,
        0.9840088340551421,
        0.9840544217733346,
        0.9840479938232128,
        0.9841032202856422,
        0.9841608155501801,
        0.9841528206825749,
        0.9842106787819731,
        0.9842412709616659,
        0.9841842220529525,
        0.9840879065219137,
        0.9841095018284262,
        0.9841569404412005,
        0.9840627381826715,
        0.9839234827206781,
        0.9839077044561528,
        0.9839099622814707,
        0.9839058030830172,
        0.9839284599447725,
        0.9839005874513951,
        0.9839272384253318,
        0.9839145759708333,
        0.9839546561836894,
        0.9839556947351734,
        0.9839268085488491,
        0.9838937662941643,
        0.983821095372802,
        0.9837777359535801,
        0.9837981792292932,
        0.9838129083149022,
        0.9838548316804412,
        0.983717274109412,
        0.9836788142897859,
        0.9836827108419218,
        0.9837367196074909,
        0.9837661268431227,
        0.9837755590628084,
        0.9837493876807802,
        0.9837475809518381,
        0.9837977475029347,
        0.9838389000323563,
        0.9838934190901597,
        0.9838683184923489,
        0.9838469988403014,
        0.983888414687197,
        0.9839377728702989,
        0.9839861118315406,
        0.9839745390872795,
        0.9839101115505906,
        0.9839574316235207,
        0.983940774005229,
        0.9839562891615655,
        0.9839857232790022,
        0.9840283947240217,
        0.9840736654696586,
        0.9841052595964874,
        0.984156223267997,
        0.9841897940754046,
        0.9842055706555842,
        0.9842175691230836,
        0.9841742619878676,
        0.9840753033318214,
        0.9840497741072447,
        0.9840821388880889,
        0.9840861186712717,
        0.9841329634717088,
        0.9841108147272051,
        0.9841527023809407,
        0.9841558543666423,
        0.9841513715445309,
        0.9840341483960782,
        0.9838305535241222,
        0.9838370504885147,
        0.983787113937777,
        0.9836329362004994,
        0.9836002061929844,
        0.9836443334252578,
        0.983678454939401,
        0.9836853668272755,
        0.9837169017379921,
        0.9837617745663935,
        0.9838069652049556,
        0.9838323037979259,
        0.9838353378116018,
        0.9838069250238757,
        0.9837907231602141,
        0.9838353549465307,
        0.9838797044280835,
        0.9839131598449686,
        0.9838754213621669,
        0.9838954746337397,
        0.9839100135338809,
        0.983857592335943,
        0.9838673207260712,
        0.9838676479352578,
        0.9839103701097167,
        0.983955276387501,
        0.9839937616396397,
        0.9839795865640315,
        0.9839955549988747,
        0.983898298945598,
        0.9839371940367753,
        0.9839153579115638,
        0.983543259207024,
        0.9832206816662178,
        0.9831709976427239,
        0.983194512180945,
        0.9831784954435733,
        0.9831987124431619,
        0.9832215171155836,
        0.983242849076417,
        0.9832833425267367,
        0.9832363018791529,
        0.9832421508810444,
        0.9832851426221332,
        0.9832859406904472,
        0.983308212156695,
        0.9833323616539923,
        0.9833706804359222,
        0.9833759506348149,
        0.9834039226742095,
        0.9834268185952701,
        0.9834448727701389,
        0.983440505767243,
        0.9834718458138767,
        0.9834857233507063,
        0.9833865834030284,
        0.9834077546110641,
        0.9834421837178076,
        0.9834433661302504,
        0.983388521510527,
        0.9833917847807587,
        0.9833780394670542,
        0.9833980776101197,
        0.9834099460791246,
        0.9833704992741819,
        0.983405299934484,
        0.9833489777515293,
        0.9833780497218005,
        0.9834111951888936,
        0.9834106635642146,
        0.9834327038331035,
        0.9833599397401319,
        0.9833138426989374,
        0.9833364048915925,
        0.983366237450936,
        0.9833778965311484,
        0.9833920489336543,
        0.9834057139421623,
        0.983391071838045,
        0.9833477558118084,
        0.983292793112841,
        0.9833024330417529
    ]
}},

