# Successfully Installed previous step: 300
# Devices: 300 - # Deployments: 300
"300"{{
    "alerts": {
        "APP_HEALTH": 0.12007776938412391,
        "DEVICE_REACHABILITY": 0.0,
        "MYAPP_CPU_CONSUMING": 0.0,
        "MYAPP_MEM_CONSUMING": 0.0
    },
    "energy": 167.74415303904522,
    "energy_history": [
        0.0,
        0.0,
        0.0,
        0.0,
        0.0,
        0.0,
        0.0,
        0.0,
        0.0,
        0.0,
        0.0,
        0.0,
        0.0,
        0.0,
        0.0,
        0.0,
        0.0,
        0.0,
        0.0,
        0.0,
        0.0,
        0.0,
        0.0,
        0.0,
        0.0,
        0.0,
        0.0,
        0.0,
        0.0,
        0.0,
        0.0,
        0.0,
        0.0,
        0.0,
        0.0,
        0.0,
        0.0,
        0.0,
        0.0,
        0.0,
        3.5999999999999996,
        0.0,
        0.0,
        0.0,
        5.76,
        11.52,
        16.56,
        15.84,
        5.04,
        15.12,
        13.68,
        25.2,
        29.52,
        33.12,
        19.439999999999998,
        35.28,
        37.44,
        37.44,
        36.72,
        34.56,
        36.0,
        14.399999999999999,
        30.24,
        34.56,
        55.44,
        40.32,
        48.96,
        56.16,
        51.12,
        34.56,
        58.32,
        38.16,
        52.559999999999995,
        32.4,
        49.68,
        49.68,
        35.28,
        46.8,
        58.32,
        51.839999999999996,
        51.12,
        79.92,
        69.12,
        35.28,
        62.64,
        84.24,
        51.839999999999996,
        78.48,
        84.24,
        77.03999999999999,
        74.88,
        99.36,
        93.6,
        77.75999999999999,
        84.96,
        56.879999999999995,
        81.36,
        70.56,
        79.2,
        82.08,
        86.39999999999999,
        100.08,
        113.75999999999999,
        140.4,
        83.52,
        79.2,
        127.44,
        111.6,
        160.56,
        101.52,
        115.19999999999999,
        134.64,
        86.39999999999999,
        138.96,
        121.67999999999999,
        143.28,
        95.75999999999999,
        109.44,
        116.64,
        117.36,
        118.8,
        100.08,
        153.35999999999999,
        136.79999999999998,
        177.12,
        131.04,
        117.36,
        105.11999999999999,
        144.72,
        118.08,
        111.6,
        140.4,
        167.76,
        164.16,
        152.64,
        154.79999999999998,
        146.88,
        156.23999999999998,
        172.79999999999998,
        169.92,
        160.56,
        138.96,
        126.72,
        187.92,
        137.51999999999998,
        180.72,
        151.2,
        143.28,
        149.76,
        174.95999999999998,
        174.23999999999998,
        206.64,
        198.72,
        213.12,
        188.64,
        207.35999999999999,
        164.88,
        190.07999999999998,
        218.88,
        231.84,
        210.23999999999998,
        169.92,
        231.12,
        191.51999999999998,
        192.23999999999998,
        206.64,
        225.35999999999999,
        193.68,
        222.48,
        226.07999999999998,
        216.72,
        248.39999999999998,
        241.92,
        192.23999999999998,
        229.67999999999998,
        223.92,
        223.92,
        199.44,
        244.07999999999998,
        241.2,
        257.03999999999996,
        234.0,
        245.51999999999998,
        236.88,
        246.23999999999998,
        221.04,
        236.16,
        195.84,
        241.92,
        252.72,
        243.35999999999999,
        257.76,
        259.2,
        270.0,
        262.8,
        289.44,
        276.48,
        234.72,
        266.4,
        241.92,
        311.03999999999996,
        281.52,
        259.2,
        314.64,
        268.56,
        234.0,
        278.64,
        282.96,
        297.36,
        267.84,
        244.79999999999998,
        294.47999999999996,
        308.88,
        264.96,
        286.56,
        266.4,
        277.92,
        282.24,
        270.0,
        235.44,
        260.64,
        245.51999999999998,
        249.12,
        246.23999999999998,
        257.76,
        277.2,
        277.2,
        281.52,
        269.28,
        234.0,
        277.2,
        282.96,
        286.56,
        271.44,
        291.59999999999997,
        264.96,
        231.12,
        259.2,
        250.56,
        237.6,
        253.44,
        267.84,
        221.04,
        228.23999999999998,
        253.44,
        254.16,
        246.23999999999998,
        255.6,
        283.68,
        273.59999999999997,
        254.16,
        260.64,
        285.84,
        266.4,
        288.71999999999997,
        313.2,
        257.03999999999996,
        238.32,
        275.03999999999996,
        231.84,
        257.03999999999996,
        273.59999999999997,
        281.52,
        239.76,
        247.67999999999998,
        264.24,
        248.39999999999998,
        262.08,
        256.32,
        224.64,
        234.0,
        259.2,
        265.68,
        306.0,
        247.67999999999998,
        253.44,
        269.28,
        244.07999999999998,
        288.0,
        249.84,
        248.39999999999998,
        278.64,
        228.95999999999998,
        324.71999999999997,
        261.36,
        282.24,
        270.71999999999997,
        273.59999999999997,
        186.48,
        255.6,
        272.88,
        280.8,
        237.6,
        278.64,
        290.88,
        286.56,
        290.15999999999997,
        286.56,
        260.64,
        289.44,
        252.0,
        241.92,
        251.28,
        244.79999999999998,
        280.08,
        251.28,
        249.84,
        220.32,
        229.67999999999998,
        286.56,
        252.0,
        262.08,
        259.92,
        279.36,
        263.52,
        280.8,
        248.39999999999998,
        282.96,
        308.15999999999997,
        258.48,
        278.64,
        253.44,
        253.44,
        264.96,
        232.56,
        285.12,
        294.47999999999996,
        262.8,
        262.08,
        231.12,
        267.84,
        245.51999999999998,
        277.92,
        287.28,
        276.48,
        270.71999999999997,
        248.39999999999998,
        270.71999999999997,
        277.92,
        293.03999999999996,
        248.39999999999998,
        293.76,
        232.56,
        288.0,
        250.56,
        270.0,
        270.71999999999997,
        260.64,
        312.47999999999996,
        288.0,
        238.32,
        280.8,
        295.2,
        282.24,
        303.12,
        270.0,
        277.2,
        308.15999999999997,
        276.48,
        275.03999999999996,
        298.8,
        230.39999999999998,
        274.32,
        272.15999999999997,
        263.52,
        272.15999999999997,
        266.4,
        233.28,
        251.28,
        226.07999999999998,
        236.88,
        296.64,
        275.76,
        265.68,
        262.8
    ],
    "iteration_count": "3002",
    "uptime": 0.9980081285150302,
    "uptime_history": [
        1,
        1,
        1,
        1,
        1,
        1,
        1,
        1,
        1,
        1,
        1,
        1,
        1,
        1,
        1,
        1,
        1,
        1,
        1,
        1,
        1,
        1,
        1,
        1,
        1,
        1,
        1,
        1,
        1,
        1,
        1,
        1,
        1,
        1,
        1,
        1,
        1,
        1,
        1,
        0.1111111111111111,
        0.25054466230936817,
        0.4170588235294118,
        0.5022150072150072,
        0.5889984507362556,
        0.6518966490802753,
        0.6969573429463073,
        0.7307876189366681,
        0.7571865246822049,
        0.7784159424719157,
        0.7958985882820745,
        0.8105738131340782,
        0.8230874412699132,
        0.8338987070912194,
        0.8433435379088625,
        0.851673639766174,
        0.8590815443155743,
        0.8657171785963506,
        0.87169913468095,
        0.8771225228713885,
        0.8820645626763699,
        0.8865886397394354,
        0.8907473001703144,
        0.894584494687171,
        0.8981372839535783,
        0.9014371508628366,
        0.9045110220051693,
        0.9073820711582745,
        0.9100703574460783,
        0.9125933367177146,
        0.9149662747227048,
        0.9172025835024948,
        0.9193140972223813,
        0.9213112998516205,
        0.9232035142668723,
        0.9249990602307044,
        0.9267053870903084,
        0.9283291858154831,
        0.9298764840515568,
        0.9313527271314783,
        0.9327628474200832,
        0.9341113239143755,
        0.9354022336682084,
        0.9366392963266882,
        0.9378259128289518,
        0.9389651991554002,
        0.9400600158476861,
        0.9411129939095034,
        0.9421265575979306,
        0.9431029445343497,
        0.9440442234973829,
        0.9449523102051369,
        0.9458289813481897,
        0.9466758870964813,
        0.9474945622711873,
        0.9482864363457116,
        0.9490528424171718,
        0.9497950252705174,
        0.9505141486410669,
        0.9512113017673433,
        0.9518875053141991,
        0.9525437167360452,
        0.9531808351412616,
        0.9537997057113375,
        0.9544011237218007,
        0.9549858382063745,
        0.955554555300924,
        0.9561079412995248,
        0.956646625451288,
        0.9571712025233617,
        0.9576822351527075,
        0.9581802560067728,
        0.958665769771028,
        0.9591392549794028,
        0.9596011657019964,
        0.9600519331029335,
        0.960491966879928,
        0.9609216565959526,
        0.9613413729123726,
        0.9617514687319866,
        0.9621522802595968,
        0.9625441279869961,
        0.9629273176086157,
        0.9633021408734849,
        0.9636688763786335,
        0.9640277903086067,
        0.9643791371253252,
        0.9647231602121632,
        0.9650600924757597,
        0.965390156908782,
        0.9657135671165777,
        0.9660305278104021,
        0.966341235269681,
        0.9666458777755651,
        0.9669446360178394,
        0.9672376834770936,
        0.9675251867838931,
        0.9678073060565588,
        0.9680841952190343,
        0.9683560023002017,
        0.9686228697159036,
        0.9688849345348294,
        0.9691423287293395,
        0.9693951794122171,
        0.9696436090602636,
        0.9698877357255871,
        0.9701276732353715,
        0.9703635313808527,
        0.9705954160961826,
        0.970823429627807,
        0.9710476706949414,
        0.971268234641692,
        0.971485213581321,
        0.9716986965331337,
        0.9719087695524212,
        0.9721155158538719,
        0.9723190159288284,
        0.9725193476567526,
        0.9727165864112259,
        0.9729108051607995,
        0.9731020745649831,
        0.9732904630656476,
        0.9734760369740922,
        0.9736588605540204,
        0.9738389961006417,
        0.9740165040161158,
        0.9741914428815321,
        0.9743638695256108,
        0.9745338390902981,
        0.9747014050934207,
        0.9748666194885517,
        0.975029532722232,
        0.9751901937886835,
        0.9753486502821429,
        0.9755049484469338,
        0.9756591332253941,
        0.9758112483037642,
        0.9759613361561352,
        0.976109438086555,
        0.9762555942693814,
        0.9763998437879668,
        0.9765422246717553,
        0.9766827739318645,
        0.9768215275952341,
        0.9769585207373935,
        0.9770937875139271,
        0.977227361190689,
        0.9773592741728282,
        0.9774895580326807,
        0.9776182435365741,
        0.9777453606706005,
        0.9832789671453909,
        0.985542875941534,
        0.986868013523313,
        0.9878037546096233,
        0.9885254028932223,
        0.98911146884894,
        0.9896039342721341,
        0.9900278911850046,
        0.9903995369221363,
        0.9907299362385867,
        0.9910269836085865,
        0.9912965091594007,
        0.9915429408697586,
        0.9917697208767942,
        0.9919795779137316,
        0.9921747116982124,
        0.9923569213532971,
        0.9925276970835775,
        0.9926882870421097,
        0.9928397470322736,
        0.992982978074689,
        0.9931187552294449,
        0.9932477500079137,
        0.9933705480123491,
        0.9934876629729589,
        0.993599548030756,
        0.9937066048902318,
        0.9938091913069227,
        0.99390762726063,
        0.9940022000817756,
        0.9940931687369439,
        0.9941807674338361,
        0.994265208671357,
        0.9943466858342471,
        0.9944253754115069,
        0.9945014389022253,
        0.9945750244602141,
        0.9946462683192557,
        0.994715296033171,
        0.9947822235588358,
        0.9948471582054337,
        0.9949101994692764,
        0.9949714397703656,
        0.9950309651042437,
        0.9950888556205625,
        0.9951451861380372,
        0.9952000266039946,
        0.9952534425055164,
        0.9953054952381695,
        0.9953562424374646,
        0.9954057382774723,
        0.9954540337404253,
        0.9955011768606232,
        0.9955472129455223,
        0.9955921847765239,
        0.9956361327916567,
        0.9956790952520768,
        0.9957211083940706,
        0.9957622065680571,
        0.9958024223658909,
        0.9958417867376332,
        0.9958803290988171,
        0.9959180774291192,
        0.9959550583632517,
        0.995991297274796,
        0.9960268183536285,
        0.9960616446775148,
        0.9960957982783915,
        0.9961293002038002,
        0.9961621705738948,
        0.9961944286343974,
        0.9962260928058415,
        0.9962571807294146,
        0.9962877093096729,
        0.9963176947543844,
        0.996347152611725,
        0.9963760978050386,
        0.9964045446653481,
        0.9964325069617908,
        0.996459997930132,
        0.9964870302995052,
        0.9965136163175047,
        0.9965397677737526,
        0.9965654960220519,
        0.9965908120012201,
        0.9966157262547058,
        0.9966402489490628,
        0.9966643898913655,
        0.9966881585456377,
        0.9967115640483593,
        0.996734615223112,
        0.9967573205944211,
        0.9967796884008477,
        0.9968017266073754,
        0.9968234429171393,
        0.9968448447825381,
        0.9968659394157675,
        0.99688673379881,
        0.9969072346929162,
        0.9969274486476053,
        0.9969473820092167,
        0.9969670409290372,
        0.996986431371031,
        0.9970055591191901,
        0.9970244297845348,
        0.9970430488117789,
        0.9970614214856797,
        0.9970795529370904,
        0.9970974481487322,
        0.9971151119607015,
        0.9971325490757241,
        0.9971497640641737,
        0.997166761368867,
        0.9971835453096408,
        0.9972001200877353,
        0.9972164897899781,
        0.997232658392793,
        0.9972486297660336,
        0.997264407676656,
        0.997279995792234,
        0.9972953976843295,
        0.9973106168317207,
        0.9973256566234987,
        0.9973405203620386,
        0.9973552112658465,
        0.9973697324722961,
        0.9973840870402529,
        0.9973982779525961,
        0.9974123081186411,
        0.9974261803764675,
        0.9974398974951547,
        0.9974534621769356,
        0.9974668770592662,
        0.9974801447168143,
        0.9974932676633784,
        0.9975062483537304,
        0.9975190891853927,
        0.9975317925003481,
        0.9975443605866894,
        0.9975567956802075,
        0.9975690999659215,
        0.9975812755795558,
        0.9975933246089638,
        0.997605249095502,
        0.9976170510353558,
        0.9976287323808163,
        0.9976402950415174,
        0.9976517408856282,
        0.9976630717410037,
        0.9976742893962978,
        0.9976853956020384,
        0.9976963920716674,
        0.9977072804825426,
        0.9977180624769124,
        0.997728739662852,
        0.9977393136151746,
        0.9977497858763077,
        0.9977601579571466,
        0.9977704313378756,
        0.9977806074687673,
        0.9977906877709518,
        0.9978006736371676,
        0.9978105664324827,
        0.9978203674949981,
        0.9978300781365276,
        0.997839699643255,
        0.9978492332763765,
        0.9978586802727163,
        0.9978680418453285,
        0.9978773191840823,
        0.9978865134562227,
        0.9978956258069225,
        0.9979046573598134,
        0.9979136092175014,
        0.9979224824620697,
        0.9979312781555655,
        0.997939997340471,
        0.9979486410401647,
        0.9979572102593667,
        0.9979657059845715,
        0.9979741291844694,
        0.9979824808103562,
        0.9979907617965298,
        0.9979989730606776,
        0.9980071155042534
    ]
}},

# corrected dev and myapps number - Devices: 20 - # Deployments: 300
"20"{{
    "alerts": {
        "APP_HEALTH": 0.0,
        "DEVICE_REACHABILITY": 0.0,
        "MYAPP_CPU_CONSUMING": 0.0,
        "MYAPP_MEM_CONSUMING": 0.0
    },
    "energy": 2.6986104236017585,
    "energy_history": [
        0.0,
        0.0,
        0.0,
        0.0,
        0.0,
        0.0,
        0.0,
        0.0,
        5.76,
        3.5999999999999996,
        8.64,
        3.5999999999999996,
        3.5999999999999996,
        8.64
    ],
    "iteration_count": "119",
    "uptime": 0.9277798802994042,
    "uptime_history": [
        1,
        1,
        1,
        1,
        1,
        1,
        0.2222222222222222,
        0.4681372549019608,
        0.5861111111111111,
        0.7508039579468152,
        0.8403448371218405,
        0.8802021674470654,
        0.9035720127825392,
        0.9191165976880263
    ]
}},

